#Example: Large parts of Africa and south east Asia
tropical = {
# Southwest Africa
1164 1165 1166 1167 1169 2037 1171 1172 2059
2164 2846
1170 1168
# North and West Africa
1114  1117 1118 1119 1120 1121 1122 2316 1125
1126 1136 1137 1138 1139 1140 1141 1143 1144 1145 1146 1147
1149 1150 1151 1152 1153 1154 1155 2041 1161 1162 1163 1249
# More West Africa
2312 2359 2315 2319 2327 2334 2335 2332 2329 2342 2344 2065 2339 2337
2313 2317 1124 2331 2333 2328 2343 2345 2346 2340 2338 2341 2336
# Africa
2854 1182 1183 1184 2852 1186 1191 1187 2851 1190 1189 1192 1193 1194 1195 1196 1197 1198 1199 1200 1201 1202 2853 1188 1185
# India
516 517 526 527 529 530 2212 533 534 535 537 539 540 2224 2223 544 545 546 547 548 549 552 2232 561 563 564 568 570 572 573 574 580 
1946 2219 2218 2226 2213 531 2211 2209 2208 542 2248 2249 2253 2230 553 2231 2227 2205 2229 2247 543 2228 2210 2222 2254 2207 2217 2216
#China
660 2468 663 666 738 2857 2471 2472 2470 2473 664 2469 2467 2466 
# Pacific Islands
1235 1236 1237 1238 1239 1240 1241 1242 1243 1244 1245 1792 1986 1987 1988 1989 1990 1991 1992 1993 1994 1995 1996
1997 1998 1999 2869 2874 2873 2872 2871 2870 2875
# Indonesia
617 618 2402 620 621 622 623 624 625 2412 627 2413 628 630 631 632 633 634 2095 636 637 638 639 2418 641 642 643 644
645 646 647 648 649 650 651 652 653 654 655 656 657 658 659 
2383 613 610 2387 2386 2388 2389 2390 2392 2391 2379 2381 2382 2380 2378 2377 2393
2376 2375 2394 2395 2398 2397 2396 2257 2258 2256 2255 2371 2259 2372 2370 2373 591
#More Indonesia
2399 2400 2403 2406 2407 2409 2405 619 2404 2408 2401 2410 2411 629 626 2414 2415
2416 734 635 2867 2860 2859 2861 2862 2864 2863 2425 2417 2009 640 2420 2429 2424 2422 2423 2421
2428 2427 2866 2865 2868
# Parts of Australia
2103 2104 2105 2106
# Amazonas and others
747 748 758 800 803 2067 821 822 2069 2716 2717 2723 2728 2733 2732 775 2071 2818 2073 2788 2787 2786 2789 2790 767 2804 2817 2075 2827 2822 2074 2820 2722 2727 750 2070 815 2768 2767 2735 2778
771 2779 770 2780 #Rio Grande
759 765 2800 2793 2794 2796 2795 #Minas Gerais
2791 2801 2802 2072 2803 2792 #Goias
2785 2784 774 #Mato Grosso
766 768 769 2781 2782 2783 #Sao Paolo
756 757 760 761 2807 2797 #Bahia
749 752 2814 2815 2805 2816 #Maranhao
741 2830 743 830 831 834 2828 742 2829 2835 2834 2833 2832 2836 2831 #Venezuela
828 829 2712 #New Andalucia
744 2826 746 745 2819 #Guyana
2777 799
# South East Asia
582 606 607 608 609 1016 611 612 616 614 615 2384 1844
567 579 581 583 584 585 586 587 588 589 590 2374 592 593 594 595 596 597 598 599
600 601 602 603 604 605 2385 1823 1817 1022 1815
# Wasteland
1789 1796 1797 1798 1799 1800 1802 1803 2426

2821 2068 2824 2823 2076 2825 2318 2326 2016 2128 2066 2042 2040 2038 2159 2039 2158 2043 2129 2157
2845 2669 2670 2045 2064 2057 2153 2036 2150 2033 2173 2172 2058 2160 2161 2032 2034 2035 2165 2167
2166 2030 2855 2856 2027 2171 2026 2163 2127 2162 2028 2029 2850 2031 2419 3089 3090 3091 3093 3142
3143 3144 3145 3146 3147
}

arid = {
# Persia
432 433 2300 435 438 447 455 575 576 577 2302 2187 2301 434 2298

# Arabia
390 391 392 393 403 404 2275 383 384 385 386 2540 402 380 381 2528 2529 2530 2531 2536 2535 2534 2533 2532 2545 2544 2130 389 2539 2538 394

# Wasteland
1779 1793 1794 1795 1786 1790 1791 406

# North Africa
346 347 349 350 351 352 353 355 2517 365 1111 1128 1131 1132 1133 1134 1135 1127 2519 2525 2004 2520 2521 2522 357 2518 2055 2588 2587 2589 2586 2585 2580 2579 2578 2573 2581 2048 2592

#The Sahel
1112 1113 1115 1116 1123 1129 1130 1142 1148 1156 1160 1158 1159
2310 2309 2306 2305 2314 2308 2307 2321 2320 2322 2325 2323 2324 2330 2349 2348 2350 2347 2352 2351 2053 2049 2353 2356 2354 2355 1157 2358 2357 2311

# East Africa
2664 1216 2047 1221 1233 1231 1232  1234 1203 1204 1205 2696 1207 2689 1209 2687 1211 1212 1213 2678 2003  2051 2044  1220  1222 1223 1224 1225
1226 2673 1228 1229 1230 2697
2679 2674 2675 2681 2680 2676 2677 2685 1210 2686
2682 1217 2672 1227 1208 2684 2691 2671 2693 2692
1214 1215 2046
2683 1218 2688 2707 2704 2703 2705 2702 2147 2701 2698 1206 2700 2694 2695 2690 2706 2699 2708 2593 2667 2668 2666 1219 2665

# Namibia
1173 1174 1175 1176 1801 2848 2595 2847

# Central Asia 
437 441 442 444 458 1784 1785 1967 1968 2292 2293 2432

#Tarim Basin
707 710 711 712 739 2882 2885 2884 2881 2883

# India
503 504 2186 506 512 513 514 2188 2194 2195 2182 2183 2184

# Northern Mexico
862 863 864 865 866 867 876 877 878 879 880 881 882 1808 1809 2134 889 890 891 885 868 859 860 861

# North America changes
875 2921 2922 2930 2933 2931 2932 2934 2936 2937 2940 2919 2918 2920 2938 2917

#Australia
2098 2100

#Patagonia
2748 2747 782 2752 2753 2751 781 780 2749 3063

#Southern Pampas
779 2759 789 786 2758

2079 2080 2082 2083 2084 3055 2935 2170 2025 2169 2168 2126 2024 2709 2056 2594 2054
2062 2050 2590 2052 2591 2565 2061 2063 1110 2015 401 2541 2102 2101 2096 2117 2109 2097
2114 2115 2116 2113 2112 2111 2110 405
}

arctic = {
# Siberia
1034 1035 1036 1037 1038 1039 1040 1041 1042 1043 1044 1045 1046 1047 1051 1052 1054 1055 1059 1061 1062 1064 1067 1068 1069
1070 1071 1072 1073 1074 1075 1076 1077 1078 1080 1963 1964 1033 1032 2843 2118 1780 2899 2894 2895 2896 2900 2902 2903 
2901 2907 2904 2908 2906 2905 2910 2911 2912

# North America
977 978 979 
996 997 998 999 1004 1005 1006 1009
3030 3034 3032 3014 3015 3016 3017 3019 3020 3033

#Tibet & Manchuria
2453 705 2459 1048 2909 676 706

# Wasteland
1781 1782 1783  1787 1804 1805 1806 1807 1810 1811 1812 1814

# The Cold North
370 371 1104 1105 21 18 1777 1776 315 1955 313

2005 2088 2089 2090 2119 3048 3049 3092
}

#Example: Most of Europe north of med.
mild_winter = {
# Scandinavia
  6 12 13 14 15 26 1981 1982 1983 1984
# German North Sea Coast
44 54 55 1775 1931
# The Low Countries
87 88 89 90 91	92 93 94 95 96 97 98 99 100 1742 1743 1744 1866 1865 1878
# North and West of France
 167 168 169 170 171 172 173 174 175 176 177 178 179 180 181 182 183 184 185 186 187 188 189 190 191 192 193 194 195 196
198 199 203 204
# North Coast of Spain
206 207 209 1745
# Northern Italy
103 104 107 108 111 1769 1862 1875
# England
233 234 235 236 237 238 239 240 241 242 243 244 245 1860 1861
# Border with the Med
128 132 139 140 141 150 152 1765 1766
# Black sea coast
159 2006 282 284 285 286 287 1764 268 2607 2608 2610 2609 2611 2615 2614
# Central Anatolia
322 323 324 326 329 411 1846 1848 2363 2364 2368 2271
# Central Iran
413 414 415 416 417 2269 419 420 421 424 425 426 2295 428 429 432 433 435 2297 446 447 577 
# Border of Steppe
437 438 439 440 441 442 443 454 455 457 456 464 2292 2433 2431 2432 2430 2616 2617 2840 2293
# Greater China region
2457 689 2505 695 692 697 698 699 700 701 703 704 708 709 713 715 726 1816 2564 1850 2510 2551 714 677 2456 2458 678 696 2500
2489 2464 693 2506 2508 2507 2462 2463 2461
# Hilly bits of Northern India
2122 2193
# Wintery bits of the west coast
871 872
# West coast of Japan
885 891 892 896 899 918 934 935 936 937 939 940 948 941 950 1012 1013 1017 1018
1023 1024 1025 1026 1818 1826 1830 1831 1837
# Wasteland
1808 1786
#
1774 129 131 1828 1827 1974 1973 1970 1969 1879 1877 
# Persian Additions
2124 2263 2282 2152 2148 2281 2262 2279 2280 2283 2285 427 2286 2288 2289 2299 2287 430 2304 2303 2302 2301 2298 2296 2294
# North America changes
894 897 952 873 874 972 973 2935
2943 2954 2955 2953 2985 2984 2986 2983 
2975 2974 2978 

2017 2018 2010 2121 2603 2013 739 706 2885 2927 2083 3103 3104 3105 3117 3124
}

#Example: Inland Europe & Scandinavia
normal_winter = {
# Scandinavia
1 2 3 4 5 7 8 9 16 17 22 23 24 25 27 28 29 34 35 36 37 38 39 1930 1985
# The Baltic Coast
40 41 42 43 45 46 47 48 2837 2149 2605
# Inland Germany
49 50 51 52 53 56 57 58 59 60 61 62 63 64 65 66 67 68 69 70 71 72 74 75 76 77 78 79 80 81 82 83 84 85 86 1757 1758 1759 1760
1761 1762 1763 1858 1857 1859 1874 1876 1880
# Austria and the Balkans
133 134 135 153 154 155 156 157 158 160 161 162 1756 1767 1770 1772 1863 1864
# Scotland
246 247 248 249 250 251 252 253
# Poland and Lithunania
254 255 256 257 258 259 260 261 262 263 264 265 266 267 269 270 271 272 273 274 275 276 277 278 279 280 281 283 288 289 290 2602
291 292 1771 2606
# Ireland
372 373 374 375 376
# The not quite so cold parts of the Steppe
465 466 467 468 469 470 471 472 473 474 475 476 477 478 479  480 2450 2434 2612 2842 2841
# Mountains in Afghanistan
444 445 450 453
#Mongolia
2444 461 2549 2887 720 722 723 2555 727 730 1050 2554 725 2552 2553 2550 2889 2446 2888 2435 459 2556 2557 2891 2886 702
# Siberia
1032 1033 1056 1057 1060 1063 1065 1852 1031 2897
# Cold bits of the west coast
889 890 898 902 905 915 943 946 947 949 951 954 955 956 957 958 959 960 961 962 963
964 965 966 967 968 969 3001 982 983 984 985 989 1847
#
1954 1951 1952 1953 1940 1939 1841 1938 1935 1936 1937 1842 1834 1960 1941 1942 1943 1944 1945 1965 1966 1967 1968
1971 953 2136 2146 2135 3002 
# Persian Additions
449 2266 2261 2267 2284 436 2176 2174
# Eastern Anatolia
331 2268 2270 418
# Modified NA
900 916 917 942 944 987 993 3012 3024 3021
2951 2952 2979 2980 2982 2981 2992 2993 2989 2990 2991 2995 2996 2997 970 3003 3005 3006 3007

2436 2437 2438 2451 2449 2448 2447 1066 2445 2443 2442 2441 2439 2440 
2155 2154 1978 1979 2994 2084 2082 2079 705 2890 2618 3088 3094 3095 3096 3097 3098 3099 3100 3101 3102 3106 3107 3108 3109 3110 3111 3112 3113
3114 3115 3116 3118 3119 3120 3121 3122
}

#Example: Russia & Lappland
severe_winter = {
# Scandinavia
10 11 18 19 20 21 30 31 32 33
# The Alps
73 110 165 166 205 1768 1867 1868 1869 1870 1871 1872 1873
# The Pyraneese
210 211 212
# Mother Russia
293 294 295 296 297 298 299 300 301 302 303 304 305 306	307 308 309 310 311 312 313 314 315 1752 1753 1754 1755 1776 1777 1778 2613 2909 1048 2844
# The Cold North
369 370 371 1104 1105
# Hindukush & Afghanistan
448 451 2177 458
# India
554 557 565 1788 2239 508 2179 2243
# Siberia
1034 1035 1036 1037 1038 1039 1040 1041 1042 1043 1044 1045 1046 1047 1051 1052 1054 1055 1059 1061 1062 1064 1067 1068 1069
1070 1071 1072 1073 1074 1075 1076 1077 1078 1079 1080 1081 1082 1083 2619 2620 2839 2838 2621 2118 1780 2843
2894 2895 2896 2899 2902 2903 2900 2901 2907 2908 2904 2906 2905 2910 2911 2912
# The Caucasus
422 423 462 2260 1856
# Manchuria & Mongolia & Xinjiang
460 716 717 718 719 721 724 2559 729 728 1049 2898 1053 1058 2560 2562 731 2893 452 2558 2563 2892
# Tibet
2454 2455
# Alaska
974 975 976 977 978 979 1809 901 903 904 906 907 908 909 910 911 912 945 988 990
991 992 986 994 995 996 997 998 999 1000 1001 1002 1003 1004 1005 1006 1007 1008 1009 1010 1011
# Wasteland
1781 1782 1783 1785 1804 1805 1806 1807 1810 1811 1812 1813 1814 1784 1787 2460
#
1961 1959 1957 1956 1958 1955 1964 1962 1963 1972
2131 2092 2086 2144 2132 2133 2094 2142 2140 2141 2145 
# Persian Additions
2264 463 2265 2175 2178 
# North America additions
913 914 971 980 981
2134 2137 2078 2081 3053 3050 3051 3052 3056 3057 3058 3059 3060 2085 2946 2947 3061 3062 2948 2949 2950 2988 2987 2998 2999 
3000 2138 3004 3008 3009 3018 3020 3019 3016 3015 3017 3014 3013 3026 3010 3011 3022 3023 3027 3028 3029 3030 3054 3055
3032 3033 3034 3035 3037 3036 3038 3039 2087 3040 3041 3042 3043 2091 3044 3046 3045 3049 3048 3047 2945 3025 2944
2088 3031 2093 2089 2090 2005 2119 2452 676 2453 2561 3092 3139
}

impassable = {
	#Eurasia
	1 2 3 4 5 7 8 9 10 11 16 17 18 19 20 21 22 23 24 25 27 28 29 30 31 32 33 34 35 36 37 38 39 
	269 270 271 272 273 274 275 276 277 278 278 292 293 294 295 296 297 300 301 302 303 304 305 
	306 307 308 309 310 311 312 313 314 315 366 367 368 370 371 392 393 405 473 475 480 624 625 
	626 627 628 629 630 631 632 633 634 635 636 637 638 639 640 641 642 643 644 645 646 647 648 
	649 650 651 652 653 654 655 656 657 658 729 1032 1033 1034 1035 1036 1037 1038 1039 1040 
	1041 1042 1043 1044 1045 1046 1047 1048 1049 1050 1051 1052 1053 1054 1055 1056 1057 1058 
	1059 1060 1061 1062 1063 1064 1065 1067 1068 1069 1070 1071 1072 1073 1074 1075 1076 1077 
	1078 1079 1080 1081 1082 1083 1104 1105 1752 1753 1754 1755 1776 1777 1778 1779 1780 1781 
	1782 1783 1804 1834 1842 1930 1935 1936 1937 1941 1945 1955 1956 1957 1958 1959 1960 1961 
	1962 1963 1964 1965 1966 1972 1978 1979 1985 2005 2009 2090 2095 2118 2119 2149 2410 2411 
	2412 2413 2414 2415 2416 2417 2418 2419 2420 2421 2422 2423 2424 2425 2426 2427 2428 2429 
	2532 2533 2534 2544 2545 2560 2561 2562 2605 2618 2619 2620 2621 2838 2839 2840 2841 2842 
	2843 2844 2859 2860 2861 2862 2863 2864 2865 2866 2867 2868 2894 2895 2896 2897 2899 2900 
	2901 2902 2903 2904 2905 2906 2907 2908 2909 2910 2911 2912 3088

	#Africa
	1096 1097 1098 1099 1100 1101 1102 1103 1110 1111 1112 1113 1114 1115 1116 1117 1118 1119 
	1120 1121 1122 1123 1124 1125 1126 1127 1128 1129 1130 1131 1132 1133 1134 1135 1136 1137 
	1138 1139 1140 1141 1142 1143 1144 1145 1146 1147 1148 1149 1150 1151 1152 1153 1154 1155 
	1156 1157 1158 1159 1160 1161 1162 1163 1164 1165 1166 1167 1168 1169 1170 1171 1172 1173 
	1174 1175 1176 1177 1178 1179 1180 1181 1182 1183 1184 1185 1186 1187 1188 1189 1190 1191 
	1192 1193 1194 1195 1196 1197 1198 1199 1200 1201 1202 1203 1204 1205 1206 1207 1208 1209 
	1210 1211 1212 1213 1216 1217 1218 1219 1221 1222 1223 1225 1249 1792 1793 1794 1795 1796 
	1797 1798 1799 1800 1801 2015 2016 2021 2022 2023 2024 2025 2026 2027 2028 2029 2030 
	2031 2032 2033 2034 2035 2036 2037 2038 2039 2040 2041 2042 2043 2044 2045 2046 2047 2048 
	2049 2050 2051 2052 2053 2054 2055 2056 2057 2058 2059 2060 2061 2062 2063 2064 2065 2066 
	2123 2126 2127 2128 2129 2147 2150 2153 2157 2158 2159 2160 2161 2162 2163 2164 2165 2166 
	2167 2168 2169 2170 2171 2172 2173 2305 2306 2307 2308 2309 2310 2311 2312 2313 2314 2315 
	2316 2317 2318 2319 2320 2321 2322 2323 2324 2325 2326 2327 2328 2329 2330 2331 2332 2333 
	2334 2335 2336 2337 2338 2339 2340 2341 2342 2343 2344 2345 2346 2347 2348 2349 2350 2351 
	2352 2353 2354 2355 2356 2357 2358 2359 2521 2565 2572 2590 2591 2592 2594 2595 2596 2597 
	2664 2665 2666 2668 2669 2670 2679 2680 2681 2682 2683 2684 2685 2686 2687 2688 2689 
	2690 2691 2692 2693 2694 2695 2696 2697 2698 2699 2700 2701 2702 2703 2704 2705 2706 2707 
	2708 2709 2845 2846 2847 2848 2849 2850 2851 2852 2853 2854 2855 2856 3141 3142 3143 3144 
	3145 3146 3147

	#The Americas
	481 482 483 484 485 486 487 488 489 490 491 492 493 494 495 496 497 498 499 500 501 502 741 
	742 743 744 745 746 747 748 749 750 751 752 753 754 755 756 757 758 759 760 761 762 763 764 
	765 766 767 768 769 770 771 772 773 774 775 776 777 778 779 780 781 782 783 784 785 786 787 
	788 789 790 791 792 793 794 795 796 797 798 799 800 801 802 803 804 805 806 807 808 809 810 
	811 812 813 814 815 816 817 818 819 820 821 822 823 824 825 826 827 828 829 830 831 832 833 
	834 835 836 837 838 839 840 841 842 843 844 845 846 847 848 849 850 851 852 853 854 855 856 
	857 858 859 860 861 862 863 864 865 866 867 868 869 870 871 872 873 874 875 876 877 878 879 
	880 881 882 883 884 885 886 887 888 889 890 891 892 893 894 895 896 897 898 899 900 901 902 
	903 904 905 906 907 908 909 910 911 912 913 914 915 916 917 918 919 920 921 922 923 924 925 
	926 927 928 929 930 931 932 933 934 935 936 937 938 939 940 941 942 943 944 945 946 947 948 
	949 950 951 952 953 954 955 956 957 958 959 960 961 962 963 964 965 966 967 968 969 970 971 
	972 973 974 975 976 977 978 979 980 981 982 983 984 985 986 987 988 989 990 991 992 993 994 
	995 996 997 998 999 1000 1001 1002 1003 1004 1005 1006 1007 1008 1009 1010 1011 1095 1531 
	1544 1802 1803 1805 1806 1807 1808 1809 1810 1811 1812 1813 1814 1881 2002 2067 2068 2069 
	2070 2071 2072 2073 2074 2075 2076 2077 2078 2079 2080 2081 2082 2083 2084 2085 2086 2087 
	2088 2089 2090 2091 2092 2093 2094 2120 2131 2132 2133 2134 2135 2136 2137 2138 2139 2140 
	2141 2142 2143 2144 2145 2146 2622 2623 2624 2625 2626 2627 2628 2629 2630 2631 2632 2633 
	2634 2635 2636 2637 2638 2639 2640 2641 2642 2643 2644 2645 2646 2647 2648 2649 2650 2651 
	2652 2653 2654 2655 2656 2657 2658 2659 2660 2661 2662 2663 2710 2711 2712 2713 2714 2715 
	2716 2717 2718 2719 2720 2721 2722 2723 2724 2725 2726 2727 2728 2729 2730 2731 2732 2733 
	2734 2735 2736 2737 2738 2739 2740 2741 2742 2743 2744 2745 2746 2747 2748 2749 2750 2751 
	2752 2753 2754 2755 2756 2757 2758 2759 2760 2761 2762 2763 2764 2765 2766 2767 2768 2769 
	2770 2771 2772 2773 2774 2775 2776 2777 2778 2779 2780 2781 2782 2783 2784 2785 2786 2787 
	2788 2789 2790 2791 2792 2793 2794 2795 2796 2797 2798 2799 2800 2801 2802 2803 2804 2805 
	2806 2807 2808 2809 2810 2811 2812 2813 2814 2815 2816 2817 2818 2819 2820 2821 2822 2823 
	2824 2825 2826 2827 2828 2829 2830 2831 2832 2833 2834 2835 2836 2913 2914 2915 2916 2917 
	2918 2919 2920 2921 2922 2923 2924 2925 2926 2927 2928 2929 2930 2931 2932 2933 2934 2935 
	2936 2937 2938 2939 2940 2941 2942 2943 2944 2945 2946 2947 2948 2949 2950 2951 2952 2953 
	2954 2955 2956 2957 2958 2959 2960 2961 2962 2963 2964 2965 2966 2967 2968 2969 2970 2971 
	2972 2973 2974 2975 2976 2977 2978 2979 2980 2981 2982 2983 2984 2985 2986 2987 2988 2989 
	2990 2991 2992 2993 2994 2995 2996 2997 2998 2999 3000 3001 3002 3003 3004 3005 3006 3007 
	3008 3009 3010 3011 3012 3013 3014 3015 3016 3017 3018 3019 3020 3021 3022 3023 3024 3025 
	3026 3027 3028 3029 3030 3031 3032 3033 3034 3035 3036 3037 3038 3039 3040 3041 3042 3043 
	3044 3045 3046 3047 3048 3049 3050 3051 3052 3053 3054 3055 3056 3057 3058 3059 3060 3061 
	3062 3063 3092

	#Oceania
	1084 1085 1086 1087 1088 1089 1090 1091 1092 1093 1094 1106 1107 1108 1109 1235 1236 1237 
	1238 1239 1240 1241 1242 1243 1244 1245 1246 1789 1790 1791 1986 1987 1988 1989 1990 1991 
	1992 1993 1994 1995 1996 1997 1998 1999 2096 2097 2098 2099 2100 2101 2102 2103 2104 2105 
	2106 2107 2108 2109 2110 2111 2112 2113 2114 2115 2116 2117 2869 2870 2871 2872 2873 2874 
	2875 2876 2877 2878 2879 2880

	#Sea	
	1306
}