
natives_european = {
graphical_culture = easterngfx
color = { 20  180  180 }
icon = 2

unit = celtic_longswordsmen

provinces = {
	#Scandinavia
	1 2 3 4 5 6 7 8 9 10 11 12 13 14 15 16 17 18 19 20 21 22 23 24 25 26 27 28 29 30 31
	1930 1981 1982 1983 1984 1985
	#Baltic Coast
	32 33 34 35 36 37 38 39 40 41 42 43 1834 1841 1842 1935
	#Germany
	44 45 46 47 48 49 50 51 52 53 54 55 56 57 58 59 60 61 62 63 64 65 66 67 68 69 70 71
	72 73 74 75 76 77 78 79 80 81 82 83 84 85 86 128 129 130 131 132 133 134 165 166 1757
	1758 1759 1760 1761 1762 1763 1769 1770 1771 1772 1775 1857 1858 1863 1867 1868 1869
	1870 1871 1872 1873 1874 1876 1878 1880 1931
	#Lowlands
	87 88 89 90 91 92 93 94 95 96 97 98 99 100 1742 1743 1744 1865 1866
	#Italy
	101 102 103 104 105 106 107 108 109 110 111 112 113 114 115 116 117 118 119 120 121
	122 123 124 125 126 127 1774 1862 1875 1933 1934
	#Balkans
	135 136 137 138 139 140 141 142 143 144 145 146 147 148 149 150 151 152 153 154 155
	156 157 158 159 160 161 162 163 164 1756 1764 1765 1766 1767 1768 1826 1827 1828 1831
	1864 1951 1952 1953 1954
	#France
	167 168 169 170 171 172 173 174 175 176 177 178 179 180 181 182 183 184 185 186 187
	188 189 190 191 192 193 194 195 196 197 198 199 200 201 202 203 204 205 1877 1879	
	#Iberia
	206 207 208 209 210 211 212 213 214 215 216 217 218 219 220 221 222 223 224 225 226
	227 228 229 230 231 232 333 1745 1746 1747 1748 1749 1750 1851
	#British isles
	233 234 235 236 237 238 239 240 241 242 243 244 245 246 247 248 249 250 251 252 253
	1860 1861
	#Poland
	254 255 256 257 258 259 260 261 262 263 264 265 266 267 268 269 270 271 272 273 274
	275 276 277 278 279 280 281 1859 1936 1937 1938 1939 1940 1941 1942 1943 1944 1945
	#Russia
	282 283 284 285 286 287 288 289 290 291 292 293 294 295 296 297 298 299 300 301 302
	303 304 305 306 307 308 309 310 311 312 313 314 315 1752 1753 1754 1755 1776 1777 1778
	1780 1955 1956 1957 1958 1959 1960 1961 1962 1963 1964 1965 1974
	475 1972 473 474 469 464 425 463 462 1856 468 466 1971 467
	#Turkey
	316 317 318 319 320 321 322 323 324 325 326 327 328 329 330 331 332 1846 1848
	#Atlantic islands
	366 367 368 369 370 371 372 373 374 375 376 1978 1979
	#More bits of Russia
	1077 1079 1081 1082 1083 423
	#Island
	1247
	#More bits of Greece
	1773 1853

	2005 2006 2007 2010 2012 2013 2017 2018 2118 2121 2124 2125 2149 2153 2154 2155 2156 
	2157 2158 2159 2160 2161 2162 2163 2164 2165 2166 2167 2168 2169 2170
	2360 2361 2362 2363 2364 2365 2366 2367 2368 2369 2598 2599 2600 2601 2602 2603 2604
	2605 2606 2607 2608 2609 2610 2611 2612 2613 2614 2615 2616 2617 2618 2619 2620 2621
	2837 2838 2839 2844 3088 3094 3095 3096 3097 3098 3099
	3100 3101 3102 3103 3104 3105 3106 3107 3108 3109 3110 3111 3112 3113 3114 3115 3116
	3117 3118 3119 3120 3121 3122 3123 3124 3125 3126 3127 3128 3129 3130 3131 3132 3133
	3134 3135 3136 3137 3138 3139
}
}

natives_african = {
graphical_culture = africangfx
color = { 180  180  80 }
icon = 2

unit = african_libyan_skirmishers

provinces = {
	#North africa
	334 335 336 337 338 339 340 341 342 343 344 345 346 347 348 349 350 351 352 353 354
	355 356 357 358 359 360 361 362 363 364 365 1751 1793 1794 1795 1882
	#Various Islands
	1096 1097 1098 1099 1100 1101 1102 1103 1792
	#Most of Africa
	1110 1111 1112 1113 1114 1115 1116 1117 1118 1119 1120 1121 1122 1123 1124 1125 1126
	1127 1128 1129 1130 1131 1132 1133 1134 1135 1136 1137 1138 1139 1140 1141 1142 1143
	1144 1145 1146 1147 1148 1149 1150 1151 1152 1153 1154 1155 1156 1157 1158 1159 1160
	1161 1162 1163 1164 1165 1166 1167 1168 1169 1170 1171 1172 1173 1174 1175 1176 1177
	1178 1179 1180 1181 1182 1183 1184 1185 1186 1187 1188 1189 1190 1191 1192 1193 1194
	1195 1196 1197 1198 1199 1200 1201 1202 1203 1204 1205 1206 1207 1208 1209 1210 1211
	1212 1213 1214 1215 1216 1217 1218 1219 1220 1221 1222 1223 1224 1225 1226 1227 1228
	1229 1230 1231 1232 1233 1234 1249 1796 1797 1798 1799 1800 1801
	
	2003 2004 2011 2015 2016 2021 2022 2023 2024 2025 2026 2027 2028 2029 2030 2031 2032 
	2033 2034 2035 2036 2037 2038 2039 2040 2041 2042 2043 2044 2045 2046 2047 2048 2049 
	2050 2051 2052 2053 2054 2055 2056 2057 2058 2059 2060 2061 2062 2063 2064 2065 2066 
	2123 2126 2127 2128 2129 2147 2150 2153 2157 2158 2159 2160 2161 2162 2163 2164 2165
	2166 2167 2168 2169 2170 2171 2172 2173 2305 2306 2307 2308 2309 2310 2311 2312 2313 
	2314 2315 2316 2317 2318 2319 2320 2321 2322 2323 2324 2325 2326 2327 2328 2329 2330 
	2331 2332 2333 2334 2335 2336 2337 2338 2339 2340 2341 2342 2343 2344 2345 2346 2347 
	2348 2349 2350 2351 2352 2353 2354 2355 2356 2357 2358 2359 2517 2518 2519 2520 2520
	2521 2522 2523 2524 2525 2526 2527 2565 2566 2567 2568 2569 2570 2571 2572 2573 2574 
	2575 2576 2577 2578 2579 2580 2581 2582 2583 2584 2585 2586 2587 2588 2589 2590 2591 
	2592 2593 2594 2595 2596 2597 2664 2665 2666 2667 2668 2669 2670 2671 2672 2673 2674 
	2675 2676 2677 2678 2679 2680 2681 2682 2683 2684 2685 2686 2687 2688 2689 2690 2691 
	2692 2693 2694 2695 2696 2697 2698 2699 2700 2701 2702 2703 2704 2705 2706 2707 2708 
	2709 2845 2846 2847 2848 2849 2850 2851 2852 2853 2854 2855 2856
}
}

natives_asian = {
graphical_culture = indiangfx
color = { 255  255  80 }
icon = 3

unit = indian_longbowmen

provinces = {
# Middle east + central asia
377 378 379 380 381 382 383 384 385 386 387 388 2540 390 391 392 393 2275 395 396 397
398 399 400 401 402 403 404 2547 2273 407 408 409 410 411 412 413 414 415 416 417 2269
419 420 421 422 423 424 425 426 2295 428 429 2290 431 432 433 2300 435 2297 437 438 439
440 441 442 443 444 445 446 447 448 449 450 451 2177 453 454 455 456 457 458 2444 460
461 462 2260 464 465 466 467 468 469 470 471 472 473 474 475 476 477 478 479
# India
503 504 2186 506 507 2122 509 510 511 512 513 514 2200 2203 517 2198 519 520 521 522 523
524 525 526 527 528 529 530 2212 532 533 534 535 536 537 538 539 540 541 2224 2223 544
545 546 547 548 549 2206 550 552 2232 554 555 556 557 558 559 560 561 562 563 564 565
566 567 568 569 570 571 572 573 574 575 576 577 578 1946 1948 1949 2219
# South East Asia
579 580 581 582 583 584 585 586 587 588 589 590 2374 592 593 594 595 596 597 598 599
600 601 602 603 604 605 606 607 608 609 1016 611 612 616 614 615 2384 617 618 2402 620
621 622 623 624 625 2412 627 2413 628 630 631 632 633 634 2095 636 637 638 639 2418 641
642 643 644 645 646 647 648 649 650 651 652 653 654 655 656 657 658 659 660 661
# China and Places like that
662 2468 663 665 666 667 668 669 670 671 672 2487 674 2488 2453 2454 2457 679 680 2491 682
683 684 2498 686 1836 688 689 2499 691 2503 2505 694 695 692 697 698 699 700 701 2549 703
704 705 2459 707 708 709 710 711 712 713 2887 715 716 717 718 719 720 721 722 723 724
2555 726 2559 727 729 730 728 732 733 2512 735 736 737 738 739 2204 2564 1845 1816 2492
1838 1821 1822 1833 1824 1829 1840 1844 1817 1823 1815 
# Japan and the far east
1012 1013 1014 1015 2385 1017 1018 1019 1020 1021 1022 1023 1024 1025 1026 1027 1028
1029 1030 1031 1032 1847 1852 1843 1837 1835 1839 1832 1830 1825 1820 1819 1818 
# An Island 
1248
# Australia
1084 1085 1086 1087 1088 1089 1090 1091 1092 1093 1094
# New Zealand
1106 1107 1108 1109
# Islands and places like that
1235 1236 1237 1238 1239 1240 1241 1242 1243 1244 1245 1246
1986 1987 1988 1989 1990 1991 1992 1993 1994 1995 1996 1997
1998 1999
2008 2009 2095 2014 2019 2020 2096 2097 2098 2099 
2100 2101 2102 2103 2104 2105 2106 2107 2108 2109 2110 2111 2112 2113 2114 2115 2116 
2117 3089 3090 3091
}
}
